MSE: 5.055541144299392
RMSE: 2.2484530558362548
MAE: 1.6292482673936692
R²: 0.5329844757724513
